0 67 0.01635742
1 82 0.02001953
2 95 0.02319336
3 132 0.03222656
4 148 0.03613281
5 184 0.04492188
6 195 0.04760742
7 223 0.05444336
8 238 0.05810547
9 266 0.06494141
10 274 0.06689453
11 286 0.06982422
12 299 0.07299805
13 313 0.07641602
14 327 0.07983398
15 341 0.08325195
16 349 0.08520508
17 369 0.09008789
18 391 0.09545898
19 416 0.1015625
20 437 0.1066895
21 464 0.1132813
22 481 0.1174316
23 515 0.1257324
24 532 0.1298828
25 549 0.1340332
26 583 0.142334
27 600 0.1464844
28 626 0.152832
29 636 0.1552734
30 658 0.1606445
31 680 0.1660156
32 702 0.1713867
33 724 0.1767578
34 735 0.1794434
35 746 0.1821289
36 749 0.1828613
37 754 0.184082
38 757 0.1848145
39 757 0.1848145
40 757 0.1848145
41 763 0.1862793
42 772 0.1884766
