0 500
1 451
2 431
3 411
4 391
5 371
6 351
7 331
8 311
9 291
10 271
11 251
12 231
13 211
14 191
15 171
16 151
17 131
18 111
19 60
20 48
21 63
22 140
23 203
24 202
25 190
26 178
27 167
28 155
29 143
30 132
31 120
32 108
33 97
34 89
35 128
36 162
37 150
38 138
39 151
40 189
41 203
42 192
43 180
44 168
45 157
46 147
47 141
48 133
49 141
50 184
51 215
52 215
53 215
54 215
55 215
56 222
57 272
58 315
59 315
60 315
61 308
62 299
63 328
64 371
65 373
66 364
67 355
68 347
69 338
70 329
71 321
72 312
73 335
74 376
75 386
76 385
77 385
78 430
79 479
80 517
81 567
82 585
83 585
84 585
85 585
86 597
87 648
88 685
89 702
90 753
91 785
92 788
93 838
94 885
95 885
96 885
97 885
98 885
99 909
100 979
101 1027
102 1097
103 1176
104 1185
105 1185
106 1185
107 1185
108 1185
109 1185
110 1185
111 1185
112 1185
113 1185
114 1185
115 1185
116 1185
117 1185
118 1185
119 1220
120 1270
121 1277
122 1270
123 1270
124 1312
125 1344
126 1372
127 1412
128 1418
129 1409
130 1400
131 1392
132 1383
133 1421
134 1463
135 1457
136 1456
137 1456
138 1456
139 1456
140 1456
141 1456
142 1456
143 1456
144 1456
145 1497
146 1548
147 1596
148 1645
149 1656
150 1656
151 1656
152 1656
153 1656
154 1656
155 1656
156 1656
157 1672
158 1722
159 1763
160 1812
161 1856
162 1856
163 1856
164 1856
165 1856
166 1856
167 1856
168 1891
169 1941
170 1956
171 1956
172 1973
173 2049
174 2134
175 2156
176 2156
177 2156
178 2156
179 2156
180 2156
181 2148
182 2140
183 2139
184 2201
185 2242
186 2242
187 2233
188 2225
189 2216
190 2207
191 2199
192 2190
193 2181
194 2173
195 2164
196 2211
197 2271
198 2361
199 2451
200 2463
201 2463
202 2508
203 2559
204 2563
205 2563
206 2563
207 2563
208 2563
209 2563
210 2563
211 2563
212 2609
213 2659
214 2663
215 2663
216 2663
217 2685
218 2793
219 2885
220 2925
221 2925
222 2925
223 2925
224 2925
225 2925
226 2925
227 2925
228 2925
229 2925
230 2925
231 2925
232 2925
233 2925
234 2925
235 2925
236 2925
237 2925
238 2925
239 2957
240 3008
241 3017
242 3009
243 3000
244 2992
245 2983
246 2974
247 2965
248 2957
249 2948
250 2939
251 2941
252 2983
253 3013
254 3018
255 3107
256 3234
257 3309
258 3369
259 3395
260 3395
261 3395
262 3395
263 3395
264 3395
265 3396
266 3396
267 3396
268 3396
269 3396
270 3396
271 3396
272 3396
273 3396
274 3396
275 3396
276 3440
277 3490
278 3540
279 3638
280 3696
281 3696
282 3696
283 3696
284 3696
285 3696
286 3711
287 3762
288 3822
289 3873
290 3896
291 3941
292 3990
293 3996
294 4025
295 4075
296 4096
297 4096
298 4096
299 4096
300 4096
301 4089
302 4093
303 4135
304 4162
305 4154
306 4185
307 4226
308 4286
309 4318
310 4309
311 4301
312 4292
313 4284
314 4275
315 4266
316 4265
317 4265
318 4265
319 4265
320 4265
321 4265
322 4265
323 4294
324 4343
325 4365
326 4365
327 4365
328 4376
329 4479
330 4629
331 4665
332 4665
333 4665
334 4665
335 4665
336 4665
337 4665
338 4665
339 4665
340 4665
341 4665
342 4665
343 4665
344 4665
345 4665
346 4665
347 4665
348 4680
349 4731
350 4774
351 4824
352 4865
353 4865
354 4866
355 4915
356 4965
357 4965
358 4965
359 4965
360 4965
361 4963
362 5005
363 5040
364 5062
365 5123
366 5193
367 5263
368 5315
369 5356
370 5379
371 5371
372 5362
373 5353
374 5345
375 5336
376 5335
377 5335
378 5335
379 5335
380 5335
381 5379
382 5429
383 5435
384 5445
385 5496
386 5565
387 5615
388 5635
389 5635
390 5635
391 5635
392 5635
393 5635
394 5635
395 5684
396 5734
397 5735
398 5735
399 5770
400 5864
401 5969
402 6056
403 6080
404 6080
405 6080
406 6086
407 6136
408 6180
409 6180
410 6180
411 6180
412 6180
413 6180
414 6180
415 6180
416 6180
417 6217
418 6266
419 6280
420 6286
421 6330
422 6363
423 6355
424 6346
425 6338
426 6330
427 6370
428 6447
429 6488
430 6494
431 6485
432 6477
433 6468
434 6460
435 6502
436 6550
437 6550
438 6550
439 6580
440 6630
441 6650
442 6650
443 6650
444 6687
445 6774
446 6783
447 6830
448 6850
449 6850
450 6850
451 6869
452 6920
453 6950
454 6979
455 7029
456 7050
457 7050
458 7050
459 7050
460 7050
461 7050
462 7079
463 7129
464 7150
465 7150
466 7150
467 7150
468 7184
469 7242
470 7308
471 7350
472 7354
473 7403
474 7450
475 7450
476 7450
477 7450
478 7450
479 7450
480 7450
481 7442
482 7445
483 7501
484 7604
485 7683
486 7699
487 7747
488 7840
489 7873
490 7864
491 7856
492 7847
493 7838
494 7830
495 7842
496 7889
497 7959
498 8010
499 8020
500 8020
501 8020
502 8020
503 8022
504 8073
505 8145
506 8237
507 8311
508 8320
509 8320
510 8320
511 8320
512 8320
513 8320
514 8320
515 8320
516 8320
517 8320
518 8327
519 8378
520 8383
521 8401
522 8450
523 8490
524 8572
525 8668
526 8683
527 8683
528 8711
529 8761
530 8783
531 8856
532 8958
533 9003
534 9052
535 9083
536 9083
537 9083
538 9083
539 9083
540 9083
541 9076
542 9111
543 9154
544 9192
545 9233
546 9232
547 9273
548 9314
549 9306
550 9298
551 9289
552 9280
553 9271
554 9263
555 9254
556 9253
557 9253
558 9288
559 9337
560 9382
561 9433
562 9456
563 9508
564 9576
565 9624
566 9653
567 9653
568 9675
569 9725
570 9766
571 9816
572 9853
573 9899
574 9997
575 10053
576 10053
577 10053
578 10053
579 10053
580 10053
581 10053
582 10103
583 10154
584 10203
585 10240
586 10290
587 10308
588 10308
589 10308
590 10308
591 10308
592 10308
593 10308
594 10308
595 10308
596 10308
597 10308
598 10308
599 10345
600 10412
